1.573952541418604056e+01
1.566365991188637175e+01
1.579623460831087556e+01
1.574513241889776261e+01
1.569939082403701214e+01
1.562595871410704618e+01
1.563435950275404451e+01
1.557061282621385701e+01
1.552446981387675784e+01
1.559882661519591984e+01
1.587527267620802007e+01
1.601615718596109517e+01
1.591971485475697534e+01
1.597926458305111908e+01
1.585037427880463134e+01
1.580291228416824545e+01
1.571370781092571889e+01
1.569691064452722529e+01
1.571533969072581449e+01
1.573532358176869828e+01
1.596679830332399952e+01
1.605824412878019203e+01
1.597009004353237138e+01
1.593927926324687050e+01
1.580738708236152590e+01
1.576671762184649772e+01
1.571439102675618216e+01
1.576200172211528816e+01
1.580914373334752732e+01
1.556222560600055616e+01
1.607817755879190713e+01
1.612597940634766047e+01
1.608202328165981143e+01
1.596025219808588425e+01
1.586808885257149981e+01
1.573115136047690044e+01
1.571143645215306961e+01
1.579018826663843278e+01
1.585939058353114639e+01
1.578022291447291359e+01
1.610976929313232375e+01
1.616078472202103455e+01
1.603624948177166232e+01
1.598731265692012293e+01
1.594170174587508804e+01
1.585281016168039336e+01
1.584466922440543257e+01
1.585518799056864836e+01
1.589214637761457816e+01
1.592259008354026761e+01
1.605459922260258310e+01
1.612320953273250268e+01
1.617352505980051092e+01
1.611589090147201730e+01
1.601507467596018230e+01
1.588161492495943961e+01
1.586694909528134012e+01
1.586725727373456429e+01
1.595605543433290485e+01
1.597842874241960764e+01
1.614961834283073117e+01
1.629999084739346316e+01
1.610529177807471868e+01
1.619878441391177049e+01
1.601559667749163296e+01
1.587415851508102804e+01
1.580984883289025866e+01
1.584428143878467665e+01
1.595932024232943824e+01
1.593889933198912168e+01
1.627944889352746216e+01
1.629925390802415208e+01
1.618444396467393886e+01
1.605680476225178666e+01
1.596535888625002109e+01
1.589979240723218901e+01
1.594223937293598681e+01
1.596527421263031243e+01
1.597214076133814942e+01
1.608070426985161916e+01
1.621249733571785612e+01
1.629197919998407329e+01
1.622618485973655211e+01
1.613200932682821787e+01
1.606485486182077338e+01
1.601557765990611770e+01
1.602970874603515483e+01
1.608474612883799537e+01
1.608373311063267508e+01
1.604675636167848296e+01
1.609385549481803324e+01
1.622886156479694719e+01
1.616313560733184929e+01
1.613237850703826481e+01
1.601508627062406021e+01
1.604709029337382376e+01
1.604863175641055406e+01
1.607631498162693973e+01
1.591346144546634811e+01
1.609827194172908804e+01
