1.251185643782744847e+02
1.398171655076044750e+01
1.743279273733093149e+01
1.833778536910951473e+01
2.247076971683722491e+01
1.612476183256886131e+01
2.566837031529565749e+01
2.464179951235642463e+01
3.074584676946414064e+01
3.303003483760555525e+01
3.465778045462590740e+01
3.684878925979232633e+01
3.739064532389662787e+01
3.804453949458529394e+01
3.855429659936183384e+01
3.906259816372222105e+01
4.116049270564553098e+01
4.155703425376870541e+01
4.279134909399964926e+01
4.284880285608497985e+01
4.292043335685865912e+01
4.654121847478198504e+01
4.498233726125884147e+01
4.580454167127234655e+01
4.698823403246273500e+01
4.672118964822060150e+01
4.644623760034495774e+01
4.680058597748769245e+01
4.784346192476091630e+01
4.784877791961569926e+01
4.789593679443279939e+01
4.725507581280035652e+01
4.814043176811340885e+01
4.882541857593894008e+01
4.877584539085454196e+01
4.836289433710074803e+01
4.964563062904942115e+01
4.910177919580429773e+01
4.980372404861157065e+01
4.897427429145581357e+01
4.890418112620464086e+01
5.025532413112124885e+01
4.848162876180175829e+01
4.825953174738531715e+01
4.911986316595448443e+01
4.883071925428194504e+01
5.049222088366354910e+01
5.190239253180771328e+01
6.031822262284686786e+01
7.327973957981247111e+01
9.671636909652582403e+01
1.270429500154006774e+02
1.806144708114139235e+02
2.541358199403180436e+02
3.421039656965199356e+02
4.699448976600915557e+02
5.826401919865411401e+02
7.245173850571906087e+02
8.425299343454802283e+02
9.361673937875457341e+02
1.080079180064773254e+03
1.265478335432312178e+03
1.395114490020747326e+03
1.580346156286863788e+03
1.793016552042457533e+03
2.033433560264850939e+03
2.203491861881605018e+03
2.388881671700207335e+03
2.575011126072832212e+03
2.741557525689991508e+03
2.749142650877463893e+03
2.779031952099368937e+03
2.813511119459991733e+03
2.801845017326899779e+03
2.793855587559290598e+03
2.747341333125399160e+03
2.760906659744722674e+03
2.785571258434080846e+03
2.850488257212016379e+03
2.953421971768715593e+03
2.916303778821358719e+03
2.965788405048960612e+03
3.003611876469979052e+03
3.045588656286729929e+03
3.135650209284868197e+03
3.826731943825413964e+03
3.584055551198108333e+03
3.485231485350818275e+03
3.567114444347490462e+03
3.839426291371613388e+03
3.955165957225297007e+03
4.094075833212418274e+03
4.656926305853236954e+03
4.476209113777987113e+03
4.942515945751128129e+03
5.909280163953616466e+03
5.251161422292256248e+03
4.913430551128599291e+03
5.714682695939901350e+03
4.725912300155394405e+03
4.668675459370761018e+03
4.868580326973205956e+03
5.588158224336055355e+03
5.569279443930143316e+03
5.315319233840577908e+03
5.052864166717023181e+03
5.026254836301843170e+03
5.043709072394931354e+03
5.677937433085775410e+03
5.082164599486140105e+03
4.730298479551586752e+03
4.557031524318693300e+03
4.459783581506408154e+03
4.400741097214708134e+03
4.391722598664218822e+03
4.295740713894575492e+03
4.230238177453019489e+03
4.178223017916670869e+03
4.147980572791783743e+03
4.171522342391715938e+03
4.146634432410410227e+03
4.125814558395839413e+03
4.141371760421592626e+03
4.148699463001360527e+03
4.174283593462767385e+03
4.185653786613075681e+03
4.213567443500251102e+03
4.255352323302255172e+03
4.332329318800733745e+03
4.343583006294984443e+03
4.406065039483038163e+03
4.479833631451338988e+03
4.536082559325994225e+03
4.588158185310348017e+03
4.675691970521058465e+03
4.792704200785905414e+03
4.852644498181929521e+03
4.926377590374926513e+03
4.987206119308652887e+03
5.049907037607505117e+03
5.113889178818812979e+03
5.195761233057301069e+03
5.252298376664818534e+03
5.322147969745993578e+03
5.370150878620313961e+03
5.433821526077413182e+03
5.473172778259045117e+03
5.524122424579079961e+03
5.570905749434281461e+03
5.640354028666144586e+03
5.687056746480565380e+03
5.702718956986645935e+03
5.710653707262373246e+03
5.705393702819420469e+03
5.694250195802745111e+03
5.672637434036693776e+03
5.651252731976894211e+03
5.630647484896896458e+03
5.596587161776982612e+03
5.532763808281911224e+03
5.462302037549618944e+03
5.368018929736442260e+03
5.248461541733137892e+03
4.906876484543543484e+03
4.660294403752298422e+03
4.777740803843880713e+03
4.737182215387498218e+03
4.708573603669408840e+03
4.667220464407631880e+03
4.640594392782888463e+03
4.579872133939087689e+03
4.497895769732343979e+03
4.594234667348629955e+03
4.601270697604096313e+03
4.318736687769705895e+03
4.162520941244129062e+03
4.027584060295472682e+03
3.903757372321329512e+03
3.735098371759252132e+03
3.607194598974246219e+03
3.473497624911222374e+03
3.403104726040287460e+03
3.355147852106898426e+03
3.311621127894700294e+03
3.263693453879659955e+03
3.232621031925175885e+03
3.190866900254529355e+03
3.137263643658318415e+03
3.061822957383243192e+03
3.003584047318921876e+03
2.952241202922717548e+03
2.928904447651308601e+03
2.948048523729579756e+03
2.904733201280271260e+03
2.806794714073295836e+03
2.704260142691013243e+03
2.662031439355901057e+03
2.638912769520720303e+03
2.622664151688550191e+03
2.621216535661206763e+03
2.621925381139213641e+03
2.620925020373070311e+03
2.624033743716009212e+03
2.612571954091559292e+03
2.576367713400530192e+03
2.545534077347927450e+03
2.520383836851028718e+03
2.483869006846656248e+03
2.421599825594201320e+03
2.375488053419325297e+03
2.347781630290040994e+03
2.510473935493204863e+03
2.470751445153358418e+03
2.357381601537626921e+03
2.348750189556308214e+03
2.275318000774742814e+03
2.085988313555902096e+03
1.899940297483459517e+03
1.779216602753934922e+03
1.722536174044990048e+03
1.691078794134475402e+03
1.647357519808768529e+03
1.625922499362530743e+03
1.622127919261435409e+03
1.650358059294908799e+03
1.717794570288094747e+03
1.805949680003066078e+03
1.888701132594627779e+03
1.847115877789058231e+03
1.741688292724999428e+03
1.627780437857522202e+03
1.530459392865092696e+03
1.415959693483838009e+03
1.354174859693855069e+03
1.320342010342340245e+03
1.315149363621345628e+03
1.347212304915103005e+03
1.313826478200892552e+03
1.392722550330429158e+03
1.287355505305305996e+03
1.085291882935034437e+03
1.018446085763717065e+03
1.012757775764683288e+03
9.669248103603842992e+02
8.772542541891643850e+02
7.963081113117717678e+02
7.360866914541834376e+02
7.165736552790664291e+02
6.791753065900763886e+02
6.312649691926238802e+02
5.837793667404848748e+02
5.417609379658999842e+02
5.208628413795843244e+02
5.169200053496589362e+02
5.151696234535604617e+02
8.119362629639656461e+02
6.933408601572090220e+02
4.323657236663216281e+02
3.560516828416263024e+02
3.143260180331749893e+02
2.898720863900030054e+02
2.615721535527410424e+02
2.404094122754220280e+02
2.247481009654094350e+02
2.142148182315111455e+02
2.075945520358401666e+02
1.972434704940064876e+02
1.889018008332452609e+02
1.931240280951608099e+02
2.389530518015546363e+02
2.008471642922304738e+02
1.764448430483491563e+02
1.724394001909733447e+02
1.914638509038006475e+02
1.838471679333285351e+02
1.692510381065283696e+02
1.581911340587966208e+02
1.518891341652237656e+02
1.508841183217515436e+02
1.562278211528767145e+02
1.533094224618741634e+02
1.496177951213378492e+02
1.500545562238034449e+02
1.534958186177045434e+02
1.702489109994652381e+02
2.092511341978736539e+02
3.638073722098304188e+02
1.177334040285047649e+03
9.556779929252040802e+02
5.399074020283288746e+02
8.201586721939120253e+02
3.054360710986026675e+02
2.209034186843940404e+02
3.746712614884958725e+02
3.676252033913905279e+02
1.847970545745887989e+02
1.483853139055894417e+02
2.675072049897595434e+02
1.273060937821094427e+02
9.696494547346715365e+01
